
eta	rho/rho_1	v/v_1	P/P_1	T/T_1	M(eta)
------------------------------------------------------------

0.01000	0.00000000000000	0.00999950005000	0.49995568885612	inf	0.00000000000000
0.02000	0.00000000000000	0.01999900009999	0.49995568885612	inf	0.00000000000000
0.03000	0.00000000000000	0.02999850014999	0.49995568885612	inf	0.00000000000000
0.04000	0.00000000000000	0.03999800019998	0.49995568885612	inf	0.00000000000000
0.05000	0.00000000000000	0.04999750024998	0.49995568885612	inf	0.00000000000000
0.06000	0.00000000000000	0.05999700029997	0.49995568885612	inf	0.00000000000000
0.07000	0.00000000000000	0.06999650034997	0.49995568885612	inf	0.00000000000000
0.08000	0.00000000000000	0.07999600039996	0.49995568885612	inf	0.00000000000000
0.09000	0.00000000000000	0.08999550044995	0.49995568885612	inf	0.00000000000000
0.10000	0.00000000000000	0.09999500049995	0.49995568885612	inf	0.00000000000000
0.11000	0.00000000000000	0.10999450054995	0.49995568885612	inf	0.00000000000000
0.12000	0.00000000000000	0.11999400059994	0.49995568885612	inf	0.00000000000000
0.13000	0.00000000000000	0.12999350064994	0.49995568885612	inf	0.00000000000000
0.14000	0.00000000000000	0.13999300069993	0.49995568885612	inf	0.00000000000000
0.15000	0.00000000000000	0.14999250074993	0.49995568885612	inf	0.00000000000000
0.16000	0.00000000000000	0.15999200079992	0.49995568885612	inf	0.00000000000000
0.17000	0.00000000000000	0.16999150084992	0.49995568885612	inf	0.00000000000000
0.18000	0.00000000000000	0.17999100089991	0.49995568885612	inf	0.00000000000000
0.19000	0.00000000000000	0.18999050094991	0.49995568885612	inf	0.00000000000000
0.20000	0.00000000000000	0.19999000099990	0.49995568885612	inf	0.00000000000000
0.21000	0.00000000000000	0.20998950104989	0.49995568885612	inf	0.00000000000000
0.22000	0.00000000000000	0.21998900109989	0.49995568885612	inf	0.00000000000000
0.23000	0.00000000000000	0.22998850114989	0.49995568885612	inf	0.00000000000000
0.24000	0.00000000000000	0.23998800119988	0.49995568885612	inf	0.00000000000000
0.25000	0.00000000000000	0.24998750124988	0.49995568885612	inf	0.00000000000000
0.26000	0.00000000000000	0.25998700129987	0.49995568885612	inf	0.00000000000000
0.27000	0.00000000000000	0.26998650134987	0.49995568885612	inf	0.00000000000000
0.28000	0.00000000000000	0.27998600139986	0.49995568885612	inf	0.00000000000000
0.29000	0.00000000000000	0.28998550144985	0.49995568885612	inf	0.00000000000000
0.30000	0.00000000000000	0.29998500149985	0.49995568885612	inf	0.00000000000000
0.31000	0.00000000000000	0.30998450154985	0.49995568885612	inf	0.00000000000000
0.32000	0.00000000000000	0.31998400159984	0.49995568885612	inf	0.00000000000000
0.33000	0.00000000000000	0.32998350164984	0.49995568885612	inf	0.00000000000000
0.34000	0.00000000000000	0.33998300169983	0.49995568885612	inf	0.00000000000000
0.35000	0.00000000000000	0.34998250174983	0.49995568885612	inf	0.00000000000000
0.36000	0.00000000000000	0.35998200179982	0.49995568885612	inf	0.00000000000000
0.37000	0.00000000000000	0.36998150184981	0.49995568885612	inf	0.00000000000000
0.38000	0.00000000000000	0.37998100189981	0.49995568885612	inf	0.00000000000000
0.39000	0.00000000000000	0.38998050194981	0.49995568885612	inf	0.00000000000000
0.40000	0.00000000000000	0.39998000199980	0.49995568885612	inf	0.00000000000000
0.41000	0.00000000000000	0.40997950204980	0.49995568885612	inf	0.00000000000000
0.42000	0.00000000000000	0.41997900209979	0.49995568885612	inf	0.00000000000000
0.43000	0.00000000000000	0.42997850214979	0.49995568885612	inf	0.00000000000000
0.44000	0.00000000000000	0.43997800219978	0.49995568885612	inf	0.00000000000000
0.45000	0.00000000000000	0.44997750224978	0.49995568885612	inf	0.00000000000000
0.46000	0.00000000000000	0.45997700229977	0.49995568885612	inf	0.00000000000000
0.47000	0.00000000000000	0.46997650234977	0.49995568885612	inf	0.00000000000000
0.48000	0.00000000000000	0.47997600239976	0.49995568885612	inf	0.00000000000000
0.49000	0.00000000000000	0.48997550244976	0.49995568885612	inf	0.00000000000000
0.50000	0.00000000000000	0.49997500249975	0.49995568885612	inf	0.00000000000000
0.51000	0.00000000000000	0.50997450254975	0.49995568885612	inf	0.00000000000000
0.52000	0.00000000000000	0.51997400259974	0.49995568885612	inf	0.00000000000000
0.53000	0.00000000000000	0.52997350264974	0.49995568885612	inf	0.00000000000000
0.54000	0.00000000000000	0.53997300269973	0.49995568885612	inf	0.00000000000000
0.55000	0.00000000000000	0.54997250274973	0.49995568885612	inf	0.00000000000000
0.56000	0.00000000000000	0.55997200279972	0.49995568885612	inf	0.00000000000000
0.57000	0.00000000000000	0.56997150284972	0.49995568885612	inf	0.00000000000000
0.58000	0.00000000000000	0.57997100289971	0.49995568885612	inf	0.00000000000000
0.59000	0.00000000000000	0.58997050294970	0.49995568885612	inf	0.00000000000000
0.60000	0.00000000000000	0.59997000299970	0.49995568885612	inf	0.00000000000000
0.61000	0.00000000000000	0.60996950304969	0.49995568885612	inf	0.00000000000000
0.62000	0.00000000000000	0.61996900309969	0.49995568885612	inf	0.00000000000000
0.63000	0.00000000000000	0.62996850314968	0.49995568885612	inf	0.00000000000000
0.64000	0.00000000000000	0.63996800319968	0.49995568885612	inf	0.00000000000000
0.65000	0.00000000000000	0.64996750324968	0.49995568885612	inf	0.00000000000000
0.66000	0.00000000000000	0.65996700329967	0.49995568885612	inf	0.00000000000000
0.67000	0.00000000000000	0.66996650334967	0.49995568885612	inf	0.00000000000000
0.68000	0.00000000000000	0.67996600339966	0.49995568885612	inf	0.00000000000000
0.69000	0.00000000000000	0.68996550344966	0.49995568885612	inf	0.00000000000000
0.70000	0.00000000000000	0.69996500349965	0.49995568885612	inf	0.00000000000000
0.71000	0.00000000000000	0.70996450354965	0.49995568885612	inf	0.00000000000000
0.72000	0.00000000000000	0.71996400359964	0.49995568885612	inf	0.00000000000000
0.73000	0.00000000000000	0.72996350364964	0.49995568885612	inf	0.00000000000000
0.74000	0.00000000000000	0.73996300369963	0.49995568885612	inf	0.00000000000000
0.75000	0.00000000000000	0.74996250374963	0.49995568885612	inf	0.00000000000000
0.76000	0.00000000000000	0.75996200379962	0.49995568885612	inf	0.00000000000000
0.77000	0.00000000000000	0.76996150384962	0.49995568885612	inf	0.00000000000000
0.78000	0.00000000000000	0.77996100389961	0.49995568885612	inf	0.00000000000000
0.79000	0.00000000000000	0.78996050394961	0.49995568885612	inf	0.00000000000000
0.80000	0.00000000000000	0.79996000399960	0.49995568885612	inf	0.00000000000000
0.81000	0.00000000000000	0.80995950404960	0.49995568885612	inf	0.00000000000000
0.82000	0.00000000000000	0.81995900409959	0.49995568885612	inf	0.00000000000000
0.83000	0.00000000000000	0.82995850414959	0.49995568885612	inf	0.00000000000000
0.84000	0.00000000000000	0.83995800419958	0.49995568885612	inf	0.00000000000000
0.85000	0.00000000000000	0.84995750424958	0.49995568885612	inf	0.00000000000000
0.86000	0.00000000000000	0.85995700429957	0.49995568885612	inf	0.00000000000000
0.87000	0.00000000000000	0.86995650434957	0.49995568885612	inf	0.00000000000000
0.88000	0.00000000000000	0.87995600439956	0.49995568885612	inf	0.00000000000000
0.89000	0.00000000000000	0.88995550444956	0.49995568885612	inf	0.00000000000000
0.90000	0.00000000000000	0.89995500449955	0.49995568885612	inf	0.00000000000000
0.91000	0.00000000000000	0.90995450454955	0.49995568885612	inf	0.00000000000000
0.92000	0.00000000000000	0.91995400459954	0.49995568885612	inf	0.00000000000000
0.93000	0.00000000000000	0.92995350464954	0.49995568885612	inf	0.00000000000000
0.94000	0.00000000000000	0.93995300469953	0.49995568885612	inf	0.00000000000000
0.95000	0.00000000000000	0.94995250474953	0.49995568885612	inf	0.00000000000000
0.96000	0.00000000000000	0.95995200479952	0.49995568885612	inf	0.00000000000000
0.97000	0.00000000000000	0.96995150484951	0.49995568885612	inf	0.00000000000000
0.98000	0.00000000000000	0.97995100489951	0.49995568885612	inf	0.00000000000000
0.99000	0.00000000000000	0.98995050494950	0.49995568885612	inf	0.00000000000000
1.00000	0.99999999999334	1.00000000000000	0.99999999999778	1.00000000000444	0.99999999999556
